Epoch	AverageEpRet	StdEpRet	MaxEpRet	MinEpRet	AverageTestEpRet	StdTestEpRet	MaxTestEpRet	MinTestEpRet	EpLen	TestEpLen	TotalEnvInteracts	AverageQ1Vals	StdQ1Vals	MaxQ1Vals	MinQ1Vals	AverageQ2Vals	StdQ2Vals	MaxQ2Vals	MinQ2Vals	AverageLogPi	StdLogPi	MaxLogPi	MinLogPi	LossPi	LossQ	Time
1	21.94382	11.486543	93.0	9.0	44.8	6.0630026	53.0	34.0	21.94382	44.8	1999	3.0451431	1.2687489	6.0172567	-0.07183929	3.045357	1.2695645	5.9909186	-0.05197393	-0.6109102	0.3940625	3.0164897	-5.331418	-3.1853018	0.31752396	5.474512815475464
2	26.153847	14.69875	68.0	10.0	227.6	50.650173	312.0	164.0	26.153847	227.6	3999	8.749675	3.0277495	15.950354	-1.1275159	8.749664	3.0321853	15.6013975	-1.5722466	-0.2039664	0.81051385	3.8208938	-9.000077	-9.08872	0.94076246	16.33950114250183
3	21.956043	12.560108	71.0	9.0	179.0	58.869347	287.0	122.0	21.956043	179.0	5999	15.63995	5.034121	24.082901	-5.956171	15.640111	5.0352097	23.851534	-6.6596346	0.07006246	0.852075	4.230329	-9.609176	-16.415829	2.2548041	26.16427969932556
4	22.088888	11.425745	58.0	9.0	148.8	29.123186	187.0	107.0	22.088888	148.8	7999	21.82374	7.23919	31.840809	-7.879188	21.824167	7.23849	32.159843	-9.563894	0.18674809	0.8649872	4.5015936	-9.10347	-22.982872	4.1601877	38.610644578933716
5	21.967392	11.697687	84.0	11.0	124.0	20.38627	158.0	98.0	21.967392	124.0	9999	27.25722	9.316791	37.955555	-10.057154	27.257835	9.313021	38.24773	-11.060473	0.2624066	0.8850653	5.229074	-7.641022	-28.766226	6.251827	50.52368879318237
6	128.0	33.864437	227.0	93.0	143.0	35.681927	216.0	112.0	128.0	143.0	11999	31.931599	10.839603	43.71612	-14.30006	31.93214	10.831208	43.400063	-14.08318	0.24956144	0.8885394	8.40707	-8.791167	-33.509518	7.167227	65.4702079296112
7	108.5	17.670597	136.0	75.0	131.0	33.415565	187.0	90.0	108.5	131.0	13999	34.75758	12.362492	46.762516	-14.601653	34.758244	12.354827	47.042057	-15.566473	0.20178092	0.90235394	12.517639	-10.385296	-36.191273	7.0440702	79.41823315620422
8	156.46153	36.718506	225.0	94.0	174.4	28.657284	231.0	134.0	156.46153	174.4	15999	36.282825	13.621409	49.30564	-51.41446	36.282684	13.617521	49.1943	-51.206482	0.12194182	0.9083563	9.597515	-11.766218	-37.592148	6.0421743	98.57940721511841
9	176.36363	23.985878	225.0	142.0	200.6	36.348866	281.0	148.0	176.36363	200.6	17999	37.039154	14.801932	50.66883	-41.497017	37.038227	14.801848	50.511578	-41.21189	0.11302915	0.90219605	6.468074	-9.740696	-38.22665	5.561462	115.22294354438782
10	198.0	12.992306	233.0	184.0	187.2	19.56425	220.0	155.0	198.0	187.2	19999	37.475258	15.311458	50.969086	-26.831419	37.47438	15.310958	51.16496	-26.833248	0.081000045	0.8981767	7.698313	-10.504963	-38.586113	4.9148417	129.429443359375
11	195.27272	19.836105	232.0	169.0	195.7	20.971647	240.0	173.0	195.27272	195.7	21999	37.526627	15.321981	51.516144	-38.330894	37.5262	15.321116	51.576588	-33.12671	0.03642166	0.8862337	4.594839	-7.645193	-38.538033	4.288646	145.42682218551636
12	216.11111	50.4875	333.0	170.0	220.1	15.864741	247.0	196.0	216.11111	220.1	23999	37.52973	14.967055	51.550755	-37.74094	37.529625	14.964319	51.807476	-34.539227	0.0054599894	0.8842683	6.080433	-7.7155123	-38.410698	4.0204	159.12712907791138
13	197.3	30.473104	243.0	130.0	227.0	21.549942	261.0	199.0	197.3	227.0	25999	37.738632	14.343605	51.5834	-26.722046	37.73857	14.34085	51.91441	-22.259987	-0.024728352	0.8873454	7.1884084	-7.001376	-38.574875	3.6206334	173.13367533683777
14	216.11111	13.502628	243.0	196.0	230.3	22.19482	278.0	195.0	216.11111	230.3	27999	37.856174	13.813436	51.668606	-22.295992	37.856052	13.812901	51.88826	-17.22225	-0.042916596	0.87481284	5.149848	-7.355625	-38.616093	3.4364202	186.7103397846222
15	215.8	37.06427	302.0	174.0	317.1	60.384518	447.0	249.0	215.8	317.1	29999	37.856346	13.4319515	51.438835	-15.863554	37.85625	13.430704	51.49843	-14.22209	-0.07647146	0.8618311	5.861542	-8.600133	-38.557323	2.8719728	199.2965531349182
16	231.125	47.62992	328.0	170.0	246.3	16.431982	281.0	228.0	231.125	246.3	31999	37.98586	13.172918	51.302555	-13.861773	37.985413	13.169932	51.303658	-13.899449	-0.11596641	0.84958214	6.6833453	-8.08987	-38.632988	2.6359308	211.82319927215576
17	251.25	25.513477	284.0	218.0	251.7	20.885641	291.0	228.0	251.25	251.7	33999	38.14402	12.980212	51.278973	-11.387693	38.14365	12.978391	51.160576	-11.726305	-0.112206526	0.8543083	4.9401054	-8.063241	-38.748905	2.292289	224.34634566307068
18	292.42856	66.474174	422.0	231.0	478.8	35.495914	500.0	397.0	292.42856	478.8	35999	38.273834	12.979555	50.862434	-14.583432	38.273502	12.977684	51.28609	-10.735283	-0.12475451	0.8421566	5.030893	-8.168449	-38.855907	2.0543706	236.80917739868164
19	313.66666	58.25709	383.0	215.0	477.9	44.967655	500.0	371.0	313.66666	477.9	37999	38.5596	12.938415	51.088978	-10.752077	38.559307	12.936958	51.027287	-9.94061	-0.11212254	0.82889193	4.979153	-10.237729	-39.120384	2.0361128	248.93940901756287
20	292.57144	64.64597	404.0	227.0	478.9	32.405094	500.0	421.0	292.57144	478.9	39999	38.859493	12.896799	51.138023	-8.85142	38.859226	12.894746	51.13979	-8.292875	-0.1337859	0.82098144	4.641006	-7.735392	-39.391132	1.7931709	261.4927682876587
21	289.2857	101.20095	500.0	185.0	321.2	68.765976	485.0	261.0	289.2857	321.2	41999	39.1641	12.841029	51.165356	-10.435779	39.163776	12.83866	51.206642	-10.377198	-0.1566708	0.8136584	4.2207866	-7.6066256	-39.67772	1.8179519	274.1746892929077
22	282.33334	67.746254	357.0	161.0	500.0	0.0	500.0	500.0	282.33334	500.0	43999	39.485195	12.81719	51.408325	-8.531488	39.485123	12.816026	51.62574	-7.2545357	-0.15483731	0.80805314	4.8839927	-7.468956	-39.975437	1.640948	287.40025782585144
23	281.375	92.16146	500.0	193.0	500.0	0.0	500.0	500.0	281.375	500.0	45999	39.751682	12.843908	51.651318	-8.857114	39.751575	12.841549	51.5707	-7.4497766	-0.14858645	0.80822986	5.1474624	-8.460207	-40.24885	1.8079195	300.11169171333313
24	299.0	92.908554	500.0	207.0	452.6	74.545555	500.0	298.0	299.0	452.6	47999	40.01582	12.858546	51.981228	-7.483031	40.015717	12.857591	51.935978	-7.351393	-0.16261184	0.8068654	5.0566306	-7.543659	-40.482662	1.6777973	313.3853051662445
25	279.83334	64.01671	374.0	194.0	500.0	0.0	500.0	500.0	279.83334	500.0	49999	40.35609	12.727427	51.990143	-7.5951147	40.356094	12.725517	51.95256	-7.358672	-0.16905901	0.80125564	4.7248025	-7.1557817	-40.803444	1.6844783	324.28888273239136
26	316.85715	97.7598	500.0	197.0	291.3	55.52666	419.0	233.0	316.85715	291.3	51999	40.624237	12.676217	52.337906	-9.113479	40.624233	12.675319	52.10288	-8.588196	-0.17580037	0.8046705	4.2668543	-8.670237	-41.060604	1.6249826	336.93421506881714
27	388.6	84.23681	467.0	266.0	500.0	0.0	500.0	500.0	388.6	500.0	53999	40.859318	12.637859	52.421978	-7.382019	40.85944	12.637317	52.19768	-6.549109	-0.19190526	0.7948526	4.9031878	-8.6493635	-41.287647	1.5912205	349.6112205982208
28	384.4	92.77413	500.0	229.0	500.0	0.0	500.0	500.0	384.4	500.0	55999	41.125927	12.531807	52.49233	-7.000944	41.12592	12.531606	52.192013	-6.9018626	-0.20583384	0.77712935	5.6800947	-7.1978903	-41.534634	1.5617326	362.3784427642822
29	410.8	109.313126	500.0	271.0	500.0	0.0	500.0	500.0	410.8	500.0	57999	41.35956	12.527551	52.64264	-7.694081	41.359474	12.526996	52.31917	-6.5405335	-0.22878559	0.77279025	3.9039907	-7.918715	-41.753536	1.8236866	375.20877265930176
30	381.0	112.658775	500.0	195.0	500.0	0.0	500.0	500.0	381.0	500.0	59999	41.609856	12.425541	52.38344	-7.964469	41.6101	12.424118	52.475044	-9.2467	-0.22822219	0.7802144	4.6930037	-8.350742	-42.004795	1.7578542	387.57363080978394
31	389.75	101.78992	500.0	236.0	500.0	0.0	500.0	500.0	389.75	500.0	61999	41.798088	12.375582	52.691902	-6.8462615	41.798027	12.375081	52.395893	-7.3133254	-0.22626188	0.763571	3.874097	-8.159283	-42.17572	2.0909107	399.9427616596222
32	456.8	53.99037	500.0	375.0	500.0	0.0	500.0	500.0	456.8	500.0	63999	42.029694	12.221013	52.345303	-8.260641	42.02984	12.220166	52.266365	-9.595547	-0.23729344	0.7601977	4.2231917	-6.7723355	-42.407753	2.0302796	414.37402391433716
33	421.75	101.08505	500.0	253.0	500.0	0.0	500.0	500.0	421.75	500.0	65999	42.301403	12.0996	52.157513	-6.4452205	42.30159	12.099053	52.099586	-7.9777336	-0.26012182	0.7518262	4.9783125	-10.376753	-42.659298	2.1486027	427.82621598243713
34	490.6	18.8	500.0	453.0	500.0	0.0	500.0	500.0	490.6	500.0	67999	42.505383	12.002895	52.091915	-7.8415265	42.505424	12.0021305	52.04761	-9.22727	-0.24021505	0.75782007	3.978499	-8.269783	-42.84503	2.3990636	441.1402506828308
35	500.0	0.0	500.0	500.0	500.0	0.0	500.0	500.0	500.0	500.0	69999	42.7593	11.831776	52.153027	-5.9461765	42.7592	11.830818	52.17311	-7.048119	-0.24465862	0.75452065	4.706182	-6.6071835	-43.091595	2.4235024	454.23670172691345
36	374.4	112.44661	500.0	185.0	500.0	0.0	500.0	500.0	374.4	500.0	71999	42.907806	11.717355	52.177437	-8.13912	42.9081	11.715916	51.96284	-8.521449	-0.2845024	0.7255394	5.498642	-9.317426	-43.234406	2.7773395	467.3434283733368
37	340.0	131.16249	500.0	215.0	488.2	35.399998	500.0	382.0	340.0	488.2	73999	42.89181	11.654953	51.849358	-7.2414055	42.891838	11.653873	51.915382	-8.375411	-0.29383615	0.72919863	4.606885	-9.981602	-43.20055	2.7841	480.2743139266968
38	461.2	60.789474	500.0	342.0	500.0	0.0	500.0	500.0	461.2	500.0	75999	42.88708	11.663893	51.972298	-6.1786585	42.887188	11.662172	52.03148	-7.1239076	-0.29607317	0.7225862	4.765655	-7.5668826	-43.180702	2.9847848	493.52681708335876
39	381.4	116.86848	500.0	192.0	500.0	0.0	500.0	500.0	381.4	500.0	77999	42.932476	11.628983	51.964737	-6.7266436	42.932377	11.627227	51.77077	-6.5720415	-0.30038464	0.72384644	5.364063	-8.404759	-43.226887	2.295174	507.1104986667633
40	273.375	95.23515	500.0	186.0	500.0	0.0	500.0	500.0	273.375	500.0	79999	42.970753	11.578955	52.20568	-6.6338253	42.970665	11.577872	51.9842	-9.7753725	-0.28932014	0.7253014	6.383366	-7.410728	-43.266895	2.6121316	520.1371486186981
41	271.16666	50.56816	322.0	192.0	480.0	43.817806	500.0	360.0	271.16666	480.0	81999	42.92519	11.615235	52.167324	-6.375712	42.92526	11.615158	52.08435	-8.246434	-0.3165159	0.7166222	4.767412	-10.260315	-43.208866	2.840025	533.5979545116425
42	388.33334	80.599144	500.0	284.0	500.0	0.0	500.0	500.0	388.33334	500.0	83999	42.98742	11.538824	52.016228	-6.1900516	42.987362	11.537775	51.82485	-6.9419403	-0.30060723	0.71576655	4.887633	-7.120801	-43.275383	2.312414	545.5143663883209
43	387.0	98.56774	500.0	258.0	400.3	82.36146	500.0	308.0	387.0	400.3	85999	42.95889	11.601951	52.309593	-5.7911177	42.958996	11.600445	52.008198	-6.328899	-0.31827182	0.702791	4.8568234	-8.020601	-43.238594	2.3765075	556.9496273994446
44	356.6	117.44547	500.0	247.0	500.0	0.0	500.0	500.0	356.6	500.0	87999	43.17297	11.471515	51.907555	-7.5881057	43.173065	11.470872	51.857674	-8.968674	-0.30656654	0.7133315	5.3206472	-7.321433	-43.448338	2.471479	568.4883887767792
45	416.2	113.197876	500.0	215.0	500.0	0.0	500.0	500.0	416.2	500.0	89999	43.17519	11.454019	52.050587	-7.432766	43.175163	11.454242	52.14604	-7.6962237	-0.3115133	0.6981107	5.306526	-7.6711817	-43.436844	2.7443466	580.0340266227722
46	500.0	0.0	500.0	500.0	471.8	56.797535	500.0	344.0	500.0	471.8	91999	43.332005	11.329726	51.969852	-8.98631	43.332184	11.328841	51.87803	-9.295872	-0.31786215	0.7060262	3.7632668	-8.915434	-43.600525	2.6483788	591.6862933635712
47	424.0	94.2104	500.0	287.0	500.0	0.0	500.0	500.0	424.0	500.0	93999	43.4392	11.249592	52.20279	-8.784698	43.439137	11.248874	52.175777	-8.9183445	-0.3379558	0.6951261	5.121622	-7.2811594	-43.68399	2.958918	603.5508573055267
48	418.0	119.36331	500.0	193.0	467.0	66.12261	500.0	326.0	418.0	467.0	95999	43.49032	11.198295	51.789463	-7.5431566	43.49035	11.197214	51.887383	-7.358393	-0.33773366	0.6885101	4.832714	-7.6843166	-43.725895	2.270097	616.8482217788696
49	324.0	133.76596	500.0	156.0	500.0	0.0	500.0	500.0	324.0	500.0	97999	43.47309	11.220055	52.059143	-7.5137663	43.473213	11.219854	52.0247	-7.7232966	-0.3443002	0.69007313	4.84176	-7.005127	-43.7176	3.4569905	630.3315420150757
50	410.0	110.24336	500.0	272.0	500.0	0.0	500.0	500.0	410.0	500.0	99999	43.461098	11.243951	51.754044	-6.324444	43.4612	11.242274	51.689972	-7.564363	-0.33091125	0.69933325	5.101322	-8.287086	-43.709118	2.6311603	642.9623582363129
51	399.8	128.54634	500.0	189.0	500.0	0.0	500.0	500.0	399.8	500.0	101999	43.569782	11.085687	51.89626	-8.693697	43.569717	11.085682	51.928856	-8.161675	-0.3503712	0.68513834	5.25905	-7.976073	-43.798634	3.2613175	656.2662878036499
52	402.5	65.88816	468.0	319.0	500.0	0.0	500.0	500.0	402.5	500.0	103999	43.572582	11.02698	51.61324	-6.043146	43.57265	11.025553	51.87963	-6.960797	-0.3568773	0.6691488	4.8736615	-8.1390705	-43.802418	2.987223	670.1188719272614
53	500.0	0.0	500.0	500.0	500.0	0.0	500.0	500.0	500.0	500.0	105999	43.67069	10.986792	51.89824	-7.0235753	43.670692	10.985909	51.84903	-6.946787	-0.3262846	0.69927335	7.050776	-7.7692003	-43.898296	3.3550959	683.5547144412994
54	486.6	26.8	500.0	433.0	500.0	0.0	500.0	500.0	486.6	500.0	107999	43.75129	10.945033	52.020084	-7.4940405	43.75149	10.9439745	52.00328	-8.273728	-0.3560373	0.67685264	5.230227	-10.099186	-43.969868	3.2940838	696.8348722457886
55	268.16666	85.82427	398.0	166.0	500.0	0.0	500.0	500.0	268.16666	500.0	109999	43.685	10.925631	51.748684	-8.228395	43.684963	10.9259815	52.01456	-9.303103	-0.3631375	0.6699792	4.4580607	-8.005133	-43.901733	3.9629395	711.6563725471497
56	500.0	0.0	500.0	500.0	449.8	69.85957	500.0	320.0	500.0	449.8	111999	43.844864	10.803521	51.897434	-7.4915624	43.844746	10.802641	51.651867	-8.072008	-0.3394793	0.6873656	4.498593	-6.8152432	-44.062756	2.744422	726.5325443744659
57	500.0	0.0	500.0	500.0	444.0	69.71944	500.0	328.0	500.0	444.0	113999	43.912334	10.831845	51.61622	-6.813311	43.912323	10.831913	51.790497	-7.739341	-0.34821597	0.6925055	4.056757	-10.858306	-44.126904	3.478354	740.8783338069916
58	500.0	0.0	500.0	500.0	500.0	0.0	500.0	500.0	500.0	500.0	115999	43.976345	10.750914	51.707737	-7.1057587	43.97625	10.749348	51.86979	-7.1435003	-0.34021237	0.69173175	4.4661503	-7.195789	-44.189095	3.6073442	754.9179139137268
59	500.0	0.0	500.0	500.0	500.0	0.0	500.0	500.0	500.0	500.0	117999	44.03975	10.662727	51.751846	-5.6985083	44.039845	10.661344	51.63362	-7.908294	-0.35049513	0.6908916	5.5642347	-6.884218	-44.25203	3.4695196	768.863853931427
60	343.7143	125.24345	500.0	186.0	500.0	0.0	500.0	500.0	343.7143	500.0	119999	44.096104	10.648481	51.885746	-6.8063726	44.096096	10.647416	51.77219	-7.809032	-0.36662784	0.66591156	4.5715895	-7.357939	-44.288696	3.2204208	783.182107925415
61	411.5	80.40056	500.0	324.0	500.0	0.0	500.0	500.0	411.5	500.0	121999	44.0819	10.705548	51.810436	-6.2707753	44.082092	10.704352	51.792797	-6.723771	-0.37187463	0.674272	4.560629	-5.9681177	-44.273624	3.6076808	797.2726039886475
62	380.5	167.29192	500.0	18.0	500.0	0.0	500.0	500.0	380.5	500.0	123999	44.01558	10.675058	52.05703	-17.687311	44.01559	10.674134	52.378597	-20.90322	-0.3749311	0.6587499	6.1272373	-7.257686	-44.218567	4.4339232	810.6584088802338
63	416.0	86.63718	500.0	302.0	450.8	72.26174	500.0	314.0	416.0	450.8	125999	43.945724	10.7543125	51.715294	-23.798893	43.945663	10.752533	51.85823	-24.236906	-0.3606065	0.67667943	12.053255	-6.619871	-44.14068	3.7187686	824.7216382026672
64	500.0	0.0	500.0	500.0	500.0	0.0	500.0	500.0	500.0	500.0	127999	44.03231	10.608898	51.73858	-24.234793	44.032402	10.60734	51.616257	-24.225988	-0.3547715	0.6868443	11.991278	-8.926155	-44.227135	4.5491967	840.2249066829681
65	497.75	3.8971143	500.0	491.0	500.0	0.0	500.0	500.0	497.75	500.0	129999	44.03285	10.658822	51.664303	-18.076092	44.032913	10.657478	51.70871	-21.173252	-0.35566914	0.6836915	12.456232	-7.424739	-44.225677	3.5020375	857.9668955802917
66	375.5	109.17684	500.0	197.0	500.0	0.0	500.0	500.0	375.5	500.0	131999	44.049507	10.680751	51.550262	-22.42167	44.04966	10.679381	51.724552	-14.368768	-0.3545302	0.69459957	5.55084	-7.126775	-44.24274	4.069839	873.9124166965485
67	448.75	88.7676	500.0	295.0	500.0	0.0	500.0	500.0	448.75	500.0	133999	44.06422	10.665896	51.72348	-22.322575	44.064163	10.665305	51.802837	-28.527407	-0.35697895	0.67618716	6.457779	-9.507263	-44.25327	4.258833	887.0612325668335
68	452.6	94.8	500.0	263.0	500.0	0.0	500.0	500.0	452.6	500.0	135999	44.12316	10.596292	51.60361	-19.674755	44.123062	10.595682	51.777866	-20.76903	-0.34215975	0.69886816	8.649422	-6.6762943	-44.313446	3.5087876	901.1230454444885
69	500.0	0.0	500.0	500.0	500.0	0.0	500.0	500.0	500.0	500.0	137999	44.237274	10.559851	51.954533	-22.994736	44.23733	10.558539	51.874725	-24.20093	-0.3534221	0.685785	9.126818	-7.445192	-44.422447	3.704156	915.9071459770203
70	419.5	139.43008	500.0	178.0	500.0	0.0	500.0	500.0	419.5	500.0	139999	44.332394	10.521151	51.71532	-8.647461	44.3325	10.519008	51.89054	-14.250924	-0.35420263	0.68385977	6.7907495	-7.017761	-44.51504	3.248086	929.9302718639374
71	500.0	0.0	500.0	500.0	500.0	0.0	500.0	500.0	500.0	500.0	141999	44.482555	10.396358	51.901108	-12.07142	44.48262	10.3945265	52.080532	-22.329332	-0.3576021	0.68333125	9.812756	-6.8780365	-44.667618	3.652604	944.5662562847137
72	424.2	115.03808	500.0	197.0	500.0	0.0	500.0	500.0	424.2	500.0	143999	44.558315	10.327754	51.76042	-6.9436965	44.558334	10.326691	51.86165	-8.338131	-0.3542768	0.6886051	4.565454	-7.3942366	-44.73573	4.2589803	958.39515209198
73	500.0	0.0	500.0	500.0	500.0	0.0	500.0	500.0	500.0	500.0	145999	44.5975	10.25468	51.973606	-20.76043	44.597504	10.253849	51.694736	-19.409662	-0.35882446	0.6754178	6.6565914	-7.891979	-44.77968	4.159263	972.2347421646118
74	439.6	120.799995	500.0	198.0	500.0	0.0	500.0	500.0	439.6	500.0	147999	44.65341	10.1879	51.750546	-13.405618	44.653553	10.18689	51.649914	-15.529	-0.3495773	0.68003184	5.968375	-6.3250575	-44.83098	3.9852254	986.1467258930206
75	500.0	0.0	500.0	500.0	500.0	0.0	500.0	500.0	500.0	500.0	149999	44.729286	10.076177	51.675102	-16.656958	44.729076	10.076013	51.79349	-36.656715	-0.35143793	0.6841916	7.2478185	-8.237059	-44.901836	4.253875	999.5520877838135
76	500.0	0.0	500.0	500.0	500.0	0.0	500.0	500.0	500.0	500.0	151999	44.753906	10.082137	51.752647	-23.060856	44.754066	10.080121	52.150074	-24.841446	-0.35627815	0.6730628	4.7604647	-7.388874	-44.930805	4.266868	1012.6847591400146
77	499.5	0.8660254	500.0	498.0	500.0	0.0	500.0	500.0	499.5	500.0	153999	44.84324	10.006573	51.613266	-27.1134	44.84342	10.004904	51.946022	-30.082771	-0.35419643	0.679096	6.7611504	-6.541304	-45.017212	3.7100196	1026.2904872894287
78	323.16666	96.89413	500.0	201.0	500.0	0.0	500.0	500.0	323.16666	500.0	155999	44.85563	9.981494	52.32981	-20.225729	44.855568	9.979708	51.835922	-20.559465	-0.3792391	0.6529178	5.2990136	-6.6693835	-45.016567	4.2347345	1039.5549838542938
79	344.16666	129.34761	500.0	152.0	500.0	0.0	500.0	500.0	344.16666	500.0	157999	44.808956	10.041607	51.901165	-20.09919	44.809166	10.039915	51.735317	-20.593481	-0.35473406	0.6699997	9.39278	-7.535819	-44.97042	5.1756406	1052.3766009807587
80	445.25	94.82978	500.0	281.0	500.0	0.0	500.0	500.0	445.25	500.0	159999	44.77426	10.0770035	51.651917	-26.48143	44.774162	10.075483	51.912228	-27.272469	-0.37293637	0.6578136	6.1880045	-6.917083	-44.938663	4.0132704	1066.7416124343872
81	500.0	0.0	500.0	500.0	500.0	0.0	500.0	500.0	500.0	500.0	161999	44.746853	10.089232	52.0438	-19.965593	44.746765	10.088124	51.9154	-18.671553	-0.37811083	0.6524312	5.2786684	-6.6628	-44.909977	4.8602557	1081.6426873207092
82	444.8	110.399994	500.0	224.0	500.0	0.0	500.0	500.0	444.8	500.0	163999	44.75109	9.983906	51.88361	-11.428871	44.750927	9.983996	51.945343	-13.268332	-0.38565394	0.6446755	14.305964	-7.908348	-44.913216	4.5844727	1097.6980710029602
83	372.6	128.05873	500.0	217.0	500.0	0.0	500.0	500.0	372.6	500.0	165999	44.778347	10.000702	51.533566	-7.6187806	44.778477	10.00108	51.625057	-8.124557	-0.3689715	0.6650022	8.883091	-7.3719406	-44.93556	3.7647307	1112.6852395534515
84	427.6	107.110405	500.0	224.0	500.0	0.0	500.0	500.0	427.6	500.0	167999	44.869904	9.916824	51.545856	-17.173595	44.86982	9.916135	51.66021	-17.990728	-0.3784015	0.66744405	9.294412	-8.195566	-45.036102	4.313419	1127.487262248993
85	457.5	73.61216	500.0	330.0	500.0	0.0	500.0	500.0	457.5	500.0	169999	44.972515	9.773079	51.619835	-19.576498	44.972557	9.771178	51.523193	-19.475405	-0.38915172	0.653756	9.752977	-6.6515374	-45.129185	4.9700346	1141.417748451233
86	500.0	0.0	500.0	500.0	500.0	0.0	500.0	500.0	500.0	500.0	171999	44.988846	9.730003	51.4869	-17.43677	44.988976	9.7292	51.44206	-23.334833	-0.3928659	0.6484709	11.173585	-7.4587374	-45.1432	4.3697376	1154.3756675720215
87	500.0	0.0	500.0	500.0	500.0	0.0	500.0	500.0	500.0	500.0	173999	45.042862	9.695411	51.53971	-11.773966	45.042667	9.694035	51.38773	-15.240095	-0.38923752	0.6522784	10.825737	-6.4928417	-45.198303	4.7020855	1169.2932937145233
88	385.4	141.1405	500.0	190.0	500.0	0.0	500.0	500.0	385.4	500.0	175999	45.136135	9.626905	51.30984	-15.173639	45.13636	9.625407	51.363056	-18.995054	-0.36859107	0.6604637	8.935016	-10.442966	-45.293736	4.902135	1183.6809554100037
89	469.0	53.693577	500.0	376.0	500.0	0.0	500.0	500.0	469.0	500.0	177999	45.1005	9.634161	51.20463	-15.3651285	45.100433	9.63323	51.43546	-11.962897	-0.3830537	0.65637773	13.355236	-6.583773	-45.257538	4.388713	1198.4470148086548
90	449.6	100.799995	500.0	248.0	500.0	0.0	500.0	500.0	449.6	500.0	179999	45.126923	9.625021	51.468533	-17.498472	45.1268	9.62453	51.522423	-17.683453	-0.38428703	0.6561758	7.892517	-7.0705237	-45.28134	4.4414105	1211.8557341098785
91	500.0	0.0	500.0	500.0	500.0	0.0	500.0	500.0	500.0	500.0	181999	45.140316	9.634454	51.56206	-23.52636	45.140358	9.633252	51.57489	-26.208586	-0.38635516	0.6604711	8.750155	-7.272393	-45.286953	5.0647793	1226.3578832149506
92	500.0	0.0	500.0	500.0	500.0	0.0	500.0	500.0	500.0	500.0	183999	45.234623	9.533308	51.392868	-14.510251	45.23456	9.531689	51.462734	-16.431183	-0.3966938	0.64885324	10.771992	-7.5858035	-45.385693	4.6565228	1241.7957351207733
93	500.0	0.0	500.0	500.0	500.0	0.0	500.0	500.0	500.0	500.0	185999	45.20151	9.621814	51.353325	-13.590947	45.201447	9.620323	51.78184	-16.481588	-0.38114977	0.65135807	9.7464905	-7.365989	-45.352127	4.5444794	1256.9205527305603
94	399.0	96.179	500.0	271.0	500.0	0.0	500.0	500.0	399.0	500.0	187999	45.27687	9.576758	51.334694	-20.23711	45.27691	9.575546	51.368664	-16.543344	-0.39480773	0.64395034	13.047244	-10.806982	-45.424023	3.955555	1273.2752678394318
95	447.6	104.8	500.0	238.0	500.0	0.0	500.0	500.0	447.6	500.0	189999	45.376682	9.496682	51.30589	-18.041897	45.3768	9.496031	51.30903	-18.01608	-0.36986443	0.65503776	5.9396257	-6.9759808	-45.519516	4.698873	1290.517718076706
96	500.0	0.0	500.0	500.0	500.0	0.0	500.0	500.0	500.0	500.0	191999	45.34599	9.519562	51.566673	-19.540771	45.34594	9.518853	51.50101	-21.561182	-0.39489546	0.64811325	11.928684	-7.2239394	-45.483116	5.240488	1305.90065741539
97	500.0	0.0	500.0	500.0	500.0	0.0	500.0	500.0	500.0	500.0	193999	45.292114	9.546643	51.372204	-30.010551	45.29194	9.54638	51.362564	-28.774242	-0.37668788	0.6556633	12.082896	-6.378309	-45.442966	4.9899974	1321.163384437561
98	426.5	127.30573	500.0	206.0	500.0	0.0	500.0	500.0	426.5	500.0	195999	45.386578	9.390446	51.36008	-32.10785	45.38654	9.38894	51.28217	-34.245117	-0.38032568	0.64954233	11.863344	-8.292029	-45.53677	5.071297	1342.933835029602
99	500.0	0.0	500.0	500.0	500.0	0.0	500.0	500.0	500.0	500.0	197999	45.477356	9.324435	51.320244	-24.999166	45.477596	9.322192	51.833557	-25.590023	-0.39007875	0.64500034	12.212938	-6.9681706	-45.623444	4.220495	1363.395539522171
100	500.0	0.0	500.0	500.0	500.0	0.0	500.0	500.0	500.0	500.0	199999	45.49131	9.361286	51.5872	-26.865225	45.491245	9.36004	51.444626	-20.097128	-0.3746029	0.66680944	12.597988	-6.692897	-45.63492	5.8922024	1384.0821516513824
